5 6661.51
5.00334 6688.29
5.00669 6714.72
5.01003 6740.8
5.01338 6766.55
5.01672 6791.96
5.02007 6817.04
5.02341 6841.8
5.02676 6866.25
5.0301 6890.37
5.03344 6914.19
5.03679 6937.71
5.04013 6960.93
5.04348 6983.85
5.04682 7006.49
5.05017 7028.84
5.05351 7050.92
5.05686 7072.72
5.0602 7094.25
5.06355 7115.52
5.06689 7136.53
5.07023 7157.28
5.07358 7177.79
5.07692 7198.06
5.08027 7218.08
5.08361 7237.87
5.08696 7257.44
5.0903 7276.77
5.09365 7295.9
5.09699 7314.8
5.10033 7333.5
5.10368 7351.99
5.10702 7370.29
5.11037 7388.39
5.11371 7406.3
5.11706 7424.03
5.1204 7441.58
5.12375 7458.96
5.12709 7476.16
5.13043 7493.21
5.13378 7510.09
5.13712 7526.82
5.14047 7543.4
5.14381 7559.84
5.14716 7576.14
5.1505 7592.3
5.15385 7608.34
5.15719 7624.25
5.16054 7640.04
5.16388 7655.72
5.16722 7671.29
5.17057 7686.75
5.17391 7702.12
5.17726 7717.39
5.1806 7732.57
5.18395 7747.67
5.18729 7762.69
5.19064 7777.63
5.19398 7792.51
5.19732 7807.32
5.20067 7822.07
5.20401 7836.77
5.20736 7851.42
5.2107 7866.02
5.21405 7880.58
5.21739 7895.11
5.22074 7909.62
5.22408 7924.09
5.22742 7938.55
5.23077 7952.99
5.23411 7967.43
5.23746 7981.85
5.2408 7996.28
5.24415 8010.72
5.24749 8025.16
5.25084 8039.63
5.25418 8054.11
5.25753 8068.61
5.26087 8083.15
5.26421 8097.72
5.26756 8112.34
5.2709 8127
5.27425 8141.71
5.27759 8156.47
5.28094 8171.29
5.28428 8186.18
5.28763 8201.15
5.29097 8216.18
5.29431 8231.3
5.29766 8246.5
5.301 8261.79
5.30435 8277.18
5.30769 8292.66
5.31104 8308.26
5.31438 8323.96
5.31773 8339.78
5.32107 8355.71
5.32441 8371.78
5.32776 8387.97
5.3311 8404.3
5.33445 8420.77
5.33779 8437.38
5.34114 8454.14
5.34448 8471.06
5.34783 8488.14
5.35117 8505.38
5.35452 8522.8
5.35786 8540.39
5.3612 8558.16
5.36455 8576.11
5.36789 8594.25
5.37124 8612.59
5.37458 8631.13
5.37793 8649.87
5.38127 8668.83
5.38462 8687.99
5.38796 8707.38
5.3913 8726.99
5.39465 8746.84
5.39799 8766.91
5.40134 8787.23
5.40468 8807.79
5.40803 8828.6
5.41137 8849.67
5.41472 8871
5.41806 8892.59
5.4214 8914.45
5.42475 8936.58
5.42809 8959
5.43144 8981.7
5.43478 9004.68
5.43813 9027.97
5.44147 9051.55
5.44482 9075.44
5.44816 9099.64
5.45151 9124.15
5.45485 9148.98
5.45819 9174.13
5.46154 9199.62
5.46488 9225.44
5.46823 9251.6
5.47157 9278.1
5.47492 9304.96
5.47826 9332.16
5.48161 9359.73
5.48495 9387.66
5.48829 9415.96
5.49164 9444.64
5.49498 9473.69
5.49833 9503.13
5.50167 9532.96
5.50502 9563.17
5.50836 9593.76
5.51171 9624.72
5.51505 9656.03
5.51839 9687.69
5.52174 9719.68
5.52508 9751.99
5.52843 9784.63
5.53177 9817.56
5.53512 9850.79
5.53846 9884.3
5.54181 9918.09
5.54515 9952.14
5.54849 9986.44
5.55184 10021
5.55518 10055.8
5.55853 10090.8
5.56187 10126
5.56522 10161.4
5.56856 10197
5.57191 10232.7
5.57525 10268.7
5.5786 10304.8
5.58194 10341.1
5.58528 10377.5
5.58863 10414
5.59197 10450.6
5.59532 10487.4
5.59866 10524.2
5.60201 10561.2
5.60535 10598.2
5.6087 10635.3
5.61204 10672.4
5.61538 10709.6
5.61873 10746.8
5.62207 10784
5.62542 10821.3
5.62876 10858.5
5.63211 10895.8
5.63545 10933
5.6388 10970.3
5.64214 11007.4
5.64548 11044.6
5.64883 11081.6
5.65217 11118.7
5.65552 11155.6
5.65886 11192.4
5.66221 11229.2
5.66555 11265.8
5.6689 11302.3
5.67224 11338.7
5.67559 11374.9
5.67893 11411
5.68227 11447
5.68562 11482.7
5.68896 11518.3
5.69231 11553.7
5.69565 11588.9
5.699 11623.9
5.70234 11658.6
5.70569 11693.1
5.70903 11727.4
5.71237 11761.5
5.71572 11795.2
5.71906 11828.7
5.72241 11861.9
5.72575 11894.8
5.7291 11927.4
5.73244 11959.7
5.73579 11991.7
5.73913 12023.3
5.74247 12054.6
5.74582 12085.5
5.74916 12116.1
5.75251 12146.2
5.75585 12176
5.7592 12205.4
5.76254 12234.4
5.76589 12263
5.76923 12291.1
5.77258 12318.8
5.77592 12346.1
5.77926 12372.9
5.78261 12399.2
5.78595 12425
5.7893 12450.4
5.79264 12475.2
5.79599 12499.6
5.79933 12523.4
5.80268 12546.7
5.80602 12569.4
5.80936 12591.6
5.81271 12613.2
5.81605 12634.3
5.8194 12654.7
5.82274 12674.6
5.82609 12693.9
5.82943 12712.5
5.83278 12730.6
5.83612 12748
5.83946 12764.7
5.84281 12780.8
5.84615 12796.2
5.8495 12811
5.85284 12825
5.85619 12838.4
5.85953 12851.1
5.86288 12863
5.86622 12874.2
5.86957 12884.7
5.87291 12894.4
5.87625 12903.4
5.8796 12911.6
5.88294 12919
5.88629 12925.6
5.88963 12931.5
5.89298 12936.5
5.89632 12940.7
5.89967 12944
5.90301 12946.6
5.90635 12948.2
5.9097 12949
5.91304 12949
5.91639 12948
5.91973 12946.2
5.92308 12943.4
5.92642 12939.8
5.92977 12935.2
5.93311 12929.7
5.93645 12923.2
5.9398 12915.8
5.94314 12907.4
5.94649 12898.1
5.94983 12887.7
5.95318 12876.4
5.95652 12864
5.95987 12850.7
5.96321 12836.3
5.96656 12820.8
5.9699 12804.4
5.97324 12786.8
5.97659 12768.2
5.97993 12748.5
5.98328 12727.7
5.98662 12705.9
5.98997 12682.9
5.99331 12658.8
5.99666 12633.5
6 12607.2
