0 7365.85
0.00334448 6985.45
0.00668896 6674.54
0.0100334 6435.56
0.0133779 6267.72
0.0167224 6167.25
0.0200669 6127.67
0.0234114 6140.3
0.0267559 6194.83
0.0301003 6279.94
0.0334448 6384.02
0.0367893 6495.77
0.0401338 6604.88
0.0434783 6702.49
0.0468227 6781.62
0.0501672 6837.47
0.0535117 6867.52
0.0568562 6871.53
0.0602007 6851.42
0.0635452 6810.92
0.0668896 6755.27
0.0702341 6690.74
0.0735786 6624.13
0.0769231 6562.29
0.0802676 6511.64
0.083612 6477.75
0.0869565 6464.97
0.090301 6476.2
0.0936455 6512.72
0.09699 6574.15
0.100334 6658.53
0.103679 6762.47
0.107023 6881.39
0.110368 7009.85
0.113712 7141.89
0.117057 7271.43
0.120401 7392.58
0.123746 7500.04
0.12709 7589.39
0.130435 7657.29
0.133779 7701.67
0.137124 7721.84
0.140468 7718.47
0.143813 7693.51
0.147157 7650.11
0.150502 7592.38
0.153846 7525.16
0.157191 7453.77
0.160535 7383.72
0.16388 7320.43
0.167224 7268.95
0.170569 7233.74
0.173913 7218.44
0.177258 7225.72
0.180602 7257.2
0.183946 7313.34
0.187291 7393.45
0.190635 7495.76
0.19398 7617.47
0.197324 7754.92
0.200669 7903.72
0.204013 8058.97
0.207358 8215.46
0.210702 8367.86
0.214047 8510.99
0.217391 8640.02
0.220736 8750.63
0.22408 8839.23
0.227425 8903.09
0.230769 8940.43
0.234114 8950.52
0.237458 8933.66
0.240803 8891.22
0.244147 8825.51
0.247492 8739.73
0.250836 8637.77
0.254181 8524.09
0.257525 8403.44
0.26087 8280.73
0.264214 8160.72
0.267559 8047.88
0.270903 7946.14
0.274247 7858.71
0.277592 7788.02
0.280936 7735.55
0.284281 7701.84
0.287625 7686.49
0.29097 7688.26
0.294314 7705.13
0.297659 7734.55
0.301003 7773.54
0.304348 7819.01
0.307692 7867.87
0.311037 7917.35
0.314381 7965.13
0.317726 8009.54
0.32107 8049.64
0.324415 8085.3
0.327759 8117.21
0.331104 8146.79
0.334448 8176.11
0.337793 8207.7
0.341137 8244.35
0.344482 8288.88
0.347826 8343.89
0.351171 8411.55
0.354515 8493.34
0.35786 8589.93
0.361204 8701.01
0.364548 8825.29
0.367893 8960.43
0.371237 9103.19
0.374582 9249.54
0.377926 9394.85
0.381271 9534.19
0.384615 9662.54
0.38796 9775.13
0.391304 9867.73
0.394649 9936.88
0.397993 9980.14
0.401338 9996.27
0.404682 9985.27
0.408027 9948.47
0.411371 9888.44
0.414716 9808.87
0.41806 9714.38
0.421405 9610.25
0.424749 9502.16
0.428094 9395.87
0.431438 9296.88
0.434783 9210.17
0.438127 9139.89
0.441472 9089.21
0.444816 9060.09
0.448161 9053.28
0.451505 9068.26
0.454849 9103.3
0.458194 9155.67
0.461538 9221.72
0.464883 9297.23
0.468227 9377.6
0.471572 9458.17
0.474916 9534.48
0.478261 9602.53
0.481605 9659
0.48495 9701.43
0.488294 9728.32
0.491639 9739.2
0.494983 9734.62
0.498328 9716.09
0.501672 9685.95
0.505017 9647.24
0.508361 9603.47
0.511706 9558.44
0.51505 9516.02
0.518395 9479.9
0.521739 9453.43
0.525084 9439.45
0.528428 9440.1
0.531773 9456.81
0.535117 9490.16
0.538462 9539.9
0.541806 9605
0.545151 9683.66
0.548495 9773.44
0.551839 9871.38
0.555184 9974.12
0.558528 10078.1
0.561873 10179.6
0.565217 10275
0.568562 10361.1
0.571906 10434.8
0.575251 10493.7
0.578595 10535.9
0.58194 10560.3
0.585284 10566.5
0.588629 10555.1
0.591973 10527.1
0.595318 10484.8
0.598662 10430.8
0.602007 10368.7
0.605351 10302.5
0.608696 10236.4
0.61204 10175.1
0.615385 10123.3
0.618729 10085.3
0.622074 10065.3
0.625418 10066.7
0.628763 10092.2
0.632107 10143.6
0.635452 10221.5
0.638796 10325.4
0.64214 10453.6
0.645485 10603.2
0.648829 10770.2
0.652174 10949.6
0.655518 11135.8
0.658863 11322.5
0.662207 11503.2
0.665552 11671.6
0.668896 11821.7
0.672241 11948.3
0.675585 12047
0.67893 12114.8
0.682274 12150
0.685619 12152.2
0.688963 12122.8
0.692308 12064.3
0.695652 11980.6
0.698997 11876.8
0.702341 11758.4
0.705686 11631.7
0.70903 11502.9
0.712375 11377.8
0.715719 11262
0.719064 11159.7
0.722408 11074.5
0.725753 11008.4
0.729097 10962.2
0.732441 10935.4
0.735786 10926.2
0.73913 10932
0.742475 10949.4
0.745819 10974.6
0.749164 11003.7
0.752508 11033.3
0.755853 11060.2
0.759197 11082.4
0.762542 11098.9
0.765886 11109.8
0.769231 11116.5
0.772575 11121.3
0.77592 11127.9
0.779264 11140.3
0.782609 11163.1
0.785953 11201
0.789298 11258.1
0.792642 11338.2
0.795987 11443.7
0.799331 11575.8
0.802676 11734.5
0.80602 11917.9
0.809365 12122.7
0.812709 12344.1
0.816054 12576.2
0.819398 12812.2
0.822742 13044.8
0.826087 13266.6
0.829431 13470.6
0.832776 13650.4
0.83612 13801
0.839465 13918.6
0.842809 14001
0.846154 14048
0.849498 14060.7
0.852843 14042
0.856187 13996
0.859532 13928.1
0.862876 13844
0.866221 13749.7
0.869565 13651.2
0.87291 13553.8
0.876254 13461.9
0.879599 13378.8
0.882943 13306.6
0.886288 13245.8
0.889632 13195.8
0.892977 13155.1
0.896321 13121.1
0.899666 13090.8
0.90301 13061
0.906355 13028.8
0.909699 12991.9
0.913043 12948.9
0.916388 12899.5
0.919732 12844.6
0.923077 12786.6
0.926421 12728.6
0.929766 12675.2
0.93311 12631.1
0.936455 12601.5
0.939799 12591.3
0.943144 12604.5
0.946488 12644.1
0.949833 12711.3
0.953177 12805.7
0.956522 12924.3
0.959866 13062.4
0.963211 13212.8
0.966555 13366.6
0.9699 13513.3
0.973244 13641.4
0.976589 13739
0.979933 13794.4
0.983278 13796.8
0.986622 13737.1
0.989967 13608
0.993311 13405.3
0.996656 13127.5
1 12776.4
