5.1 2.68922
5.10201 2.69037
5.10401 2.69153
5.10602 2.69269
5.10803 2.69385
5.11003 2.69501
5.11204 2.69617
5.11405 2.69733
5.11605 2.69849
5.11806 2.69965
5.12007 2.7008
5.12207 2.70196
5.12408 2.70312
5.12609 2.70428
5.12809 2.70544
5.1301 2.7066
5.13211 2.70776
5.13411 2.70892
5.13612 2.71007
5.13813 2.71123
5.14013 2.71239
5.14214 2.71355
5.14415 2.71471
5.14615 2.71587
5.14816 2.71703
5.15017 2.71819
5.15217 2.71935
5.15418 2.7205
5.15619 2.72166
5.15819 2.72282
5.1602 2.72398
5.16221 2.72514
5.16421 2.7263
5.16622 2.72746
5.16823 2.72862
5.17023 2.72978
5.17224 2.73093
5.17425 2.73209
5.17625 2.73325
5.17826 2.73441
5.18027 2.73557
5.18227 2.73673
5.18428 2.73789
5.18629 2.73905
5.18829 2.7402
5.1903 2.74136
5.19231 2.74252
5.19431 2.74368
5.19632 2.74484
5.19833 2.746
5.20033 2.74716
5.20234 2.74832
5.20435 2.74948
5.20635 2.75063
5.20836 2.75179
5.21037 2.75295
5.21237 2.75411
5.21438 2.75527
5.21639 2.75643
5.21839 2.75759
5.2204 2.75875
5.22241 2.75991
5.22441 2.76106
5.22642 2.76222
5.22843 2.76338
5.23043 2.76454
5.23244 2.7657
5.23445 2.76686
5.23645 2.76802
5.23846 2.76918
5.24047 2.77034
5.24247 2.77149
5.24448 2.77265
5.24649 2.77381
5.24849 2.77497
5.2505 2.77613
5.25251 2.77729
5.25452 2.77845
5.25652 2.77961
5.25853 2.78076
5.26054 2.78192
5.26254 2.78308
5.26455 2.78424
5.26656 2.7854
5.26856 2.78656
5.27057 2.78772
5.27258 2.78888
5.27458 2.79004
5.27659 2.79119
5.2786 2.79235
5.2806 2.79351
5.28261 2.79467
5.28462 2.79583
5.28662 2.79699
5.28863 2.79815
5.29064 2.79931
5.29264 2.80047
5.29465 2.80162
5.29666 2.80278
5.29866 2.80394
5.30067 2.8051
5.30268 2.80626
5.30468 2.80742
5.30669 2.80858
5.3087 2.80974
5.3107 2.81089
5.31271 2.81205
5.31472 2.81321
5.31672 2.81437
5.31873 2.81553
5.32074 2.81669
5.32274 2.81785
5.32475 2.81901
5.32676 2.82017
5.32876 2.82132
5.33077 2.82248
5.33278 2.82364
5.33478 2.8248
5.33679 2.82596
5.3388 2.82712
5.3408 2.82828
5.34281 2.82944
5.34482 2.8306
5.34682 2.83175
5.34883 2.83291
5.35084 2.83407
5.35284 2.83523
5.35485 2.83639
5.35686 2.83755
5.35886 2.83871
5.36087 2.83987
5.36288 2.84102
5.36488 2.84218
5.36689 2.84334
5.3689 2.8445
5.3709 2.84566
5.37291 2.84682
5.37492 2.84798
5.37692 2.84914
5.37893 2.8503
5.38094 2.85145
5.38294 2.85261
5.38495 2.85377
5.38696 2.85493
5.38896 2.85609
5.39097 2.85725
5.39298 2.85841
5.39498 2.85957
5.39699 2.86073
5.399 2.86188
5.401 2.86304
5.40301 2.8642
5.40502 2.86536
5.40702 2.86652
5.40903 2.86768
5.41104 2.86884
5.41304 2.87
5.41505 2.87115
5.41706 2.87231
5.41906 2.87347
5.42107 2.87463
5.42308 2.87579
5.42508 2.87695
5.42709 2.87811
5.4291 2.87927
5.4311 2.88043
5.43311 2.88158
5.43512 2.88274
5.43712 2.8839
5.43913 2.88506
5.44114 2.88622
5.44314 2.88738
5.44515 2.88854
5.44716 2.8897
5.44916 2.89086
5.45117 2.89201
5.45318 2.89317
5.45518 2.89433
5.45719 2.89549
5.4592 2.89665
5.4612 2.89781
5.46321 2.89897
5.46522 2.90013
5.46722 2.90128
5.46923 2.90244
5.47124 2.9036
5.47324 2.90476
5.47525 2.90592
5.47726 2.90708
5.47926 2.90824
5.48127 2.9094
5.48328 2.91056
5.48528 2.91171
5.48729 2.91287
5.4893 2.91403
5.4913 2.91519
5.49331 2.91635
5.49532 2.91751
5.49732 2.91867
5.49933 2.91983
5.50134 2.92099
5.50334 2.92214
5.50535 2.9233
5.50736 2.92446
5.50936 2.92562
5.51137 2.92678
5.51338 2.92794
5.51538 2.9291
5.51739 2.93026
5.5194 2.93142
5.5214 2.93257
5.52341 2.93373
5.52542 2.93489
5.52742 2.93605
5.52943 2.93721
5.53144 2.93837
5.53344 2.93953
5.53545 2.94069
5.53746 2.94184
5.53946 2.943
5.54147 2.94416
5.54348 2.94532
5.54548 2.94648
5.54749 2.94764
5.5495 2.9488
5.55151 2.94996
5.55351 2.95112
5.55552 2.95227
5.55753 2.95343
5.55953 2.95459
5.56154 2.95575
5.56355 2.95691
5.56555 2.95807
5.56756 2.95923
5.56957 2.96039
5.57157 2.96155
5.57358 2.9627
5.57559 2.96386
5.57759 2.96502
5.5796 2.96618
5.58161 2.96734
5.58361 2.9685
5.58562 2.96966
5.58763 2.97082
5.58963 2.97197
5.59164 2.97313
5.59365 2.97429
5.59565 2.97545
5.59766 2.97661
5.59967 2.97777
5.60167 2.97893
5.60368 2.98009
5.60569 2.98125
5.60769 2.9824
5.6097 2.98356
5.61171 2.98472
5.61371 2.98588
5.61572 2.98704
5.61773 2.9882
5.61973 2.98936
5.62174 2.99052
5.62375 2.99168
5.62575 2.99283
5.62776 2.99399
5.62977 2.99515
5.63177 2.99631
5.63378 2.99747
5.63579 2.99863
5.63779 2.99979
5.6398 3.00095
5.64181 3.0021
5.64381 3.00326
5.64582 3.00442
5.64783 3.00558
5.64983 3.00674
5.65184 3.0079
5.65385 3.00906
5.65585 3.01022
5.65786 3.01138
5.65987 3.01253
5.66187 3.01369
5.66388 3.01485
5.66589 3.01601
5.66789 3.01717
5.6699 3.01833
5.67191 3.01949
5.67391 3.02065
5.67592 3.02181
5.67793 3.02296
5.67993 3.02412
5.68194 3.02528
5.68395 3.02644
5.68595 3.0276
5.68796 3.02876
5.68997 3.02992
5.69197 3.03108
5.69398 3.03223
5.69599 3.03339
5.69799 3.03455
5.7 3.03571
