25
5.1 0.1 -0.26 0
5.1375 0.4 0.843225 1.97415
5.175 0.8 0.113697 -0.619067
5.2125 0.9 -0.375372 -0.323351
5.25 1.4 0.119408 0.0073051
5.2875 2.1 0.0229239 -0.0950474
5.325 2 -0.1411 -0.0242709
5.3625 1.8 -0.0870495 0.024044
5.4 1.2 -0.0225444 -0.0585254
5.4375 0.8 -0.0851145 -0.0920675
5.475 0.4 -0.0648381 -0.0146626
5.5125 0 0.0175833 0.016176
5.55 -0.3 0 0
5.5875 -0.9 0 0
5.625 -1.5 0 0
5.6625 -2.5 0 0
5.7 -3.1 0 0
5.7375 -3.9 0 0
5.775 -2.9 0 0
5.8125 -2.1 0 0
5.85 -1.5 0 0
5.8875 -0.8 0 0
5.925 -0.1 0 0
5.9625 0.4 0 0
6 0.9 0 0
